0,479
0,478
0,477
0,476
0,475
0,474
0,472
31,35
3,1
3,3
10,311
10,201
10,113
10,235
10,86
10,26
10,172
10,283
11,28
11,10
11,30
11,21
11,4
11,13
9,7
9,6
9,1
9,4
9,2
9,3
8,11
8,5
8,12
8,9
8,10
8,8
8,14
8,1
8,15
8,2
8,3
12,2
12,1
12,3
20,2
20,1
20,3
19,2
30,3
19,1
30,2
30,1
19,3
30,0
29,3
29,2
29,1
29,0
28,3
28,2
28,1
28,0
27,3
27,2
27,1
27,0
26,3
26,2
26,1
26,0
25,3
25,2
25,1
25,0
24,3
18,1
24,2
24,1
18,3
24,0
11,20
11,19
11,14
11,12
14,1
11,9
14,3
11,1
13,1
11,8
11,3
13,3
11,2
10,204
10,179
10,125
